10454
11212
10455
10456
10460
10035
10474
11239
10452
10029
10451
10453
10459
10472
10002
11224
10457
10458
10468
10467
10030
11219
11207
11355
10473
10037
11213
11206
11208
10039
11354
11233
11692
10040
11691
10032
10475
11220
10031
11223
10027
11214
11235
11204
10462
11005
11230
10461
11203
11373
11368
11372
10466
10463
10034
10304
11693
10026
11237
11369
11226
11432
11377
11434
11221
11370
11225
11205
11433
11229
11423
10303
10470
10469
11435
11367
10033
11106
11365
11356
11236
10302
11358
11416
11421
10305
11232
11228
11385
11210
10009
11418
10301
11436
11417
11374
10465
11415
11104
11218
11103
11428
11427
11209
11419
11216
11378
11414
11234
11357
11694
11379
10306
11420
11211
11429
11364
11360
11105
11412
11361
10314
11102
11422
10310
11375
10471
11363
10036
11101
10162
10038
11004
11362
11366
10312
10001
11426
10025
11413
11249
10019
10309
11411
11222
11697
11238
10044
10308
10307
10012
10464
11231
10128
10018
10075
10010
11001
11217
10021
10023
10017
10016
10014
10003
10013
10011
11040
11201
10028
10065
10024
10022
11215
11109
10280
10069
10005
10006
10004
10007
10282
